{
  "advancedEditorSelectedIdentifier" : "ProjectBrowser",
  "openSceneRelativePaths" : [
    "Race.usda",
    "SteeringWheel.usda"
  ],
  "recentIdentifiers" : {
    "1EFECFFE-446B-44E5-BD6A-4B3F10E38DAE" : [

    ],
    "2A28FC8D-9931-4583-AE5A-A5F2334D674F" : [

    ],
    "5A5E891A-E8C8-4BED-B1E9-04710230D226" : [

    ],
    "7ACCC3AC-997D-41BA-8299-861B174745A3" : [

    ],
    "0504218D-76AC-4F9B-9175-824B82443103" : [

    ],
    "A69C4C4F-6C71-4E43-B341-88E1932B117C" : [

    ],
    "B902F4F2-06C2-4339-B6BD-82FB51A5EDA1" : [

    ]
  },
  "sceneCameraHistory" : {
    "1EFECFFE-446B-44E5-BD6A-4B3F10E38DAE" : [
      {
        "date" : 738486791.207691,
        "title" : "Untitled",
        "transform" : [
          -0.9186293,
          1.1558273e-08,
          -0.39512074,
          0,
          -0.3198662,
          0.58706415,
          0.74366754,
          0,
          0.2319612,
          0.80954045,
          -0.53929424,
          0,
          0.17534891,
          1.094458,
          -0.8389572,
          1
        ]
      },
      {
        "date" : 738486783.850863,
        "title" : "Untitled",
        "transform" : [
          -0.9186292,
          -4.248488e-09,
          -0.3951207,
          0,
          -0.31986618,
          0.58706415,
          0.7436675,
          0,
          0.2319612,
          0.8095404,
          -0.53929424,
          0,
          0.5209225,
          0.8848983,
          -0.7637868,
          1
        ]
      },
      {
        "date" : 738486778.56758,
        "title" : "Untitled",
        "transform" : [
          -0.552365,
          -2.8571723e-09,
          -0.83360237,
          0,
          -0.6027016,
          0.6908391,
          0.3993646,
          0,
          0.5758851,
          0.7230085,
          -0.38159534,
          0,
          0.66625124,
          0.8172271,
          -0.4924507,
          1
        ]
      },
      {
        "date" : 738486775.957035,
        "title" : "Untitled",
        "transform" : [
          -0.552365,
          2.8034322e-09,
          -0.8336024,
          0,
          -0.60270166,
          0.6908391,
          0.39936456,
          0,
          0.5758852,
          0.7230085,
          -0.38159528,
          0,
          0.6662513,
          0.81722736,
          -0.49245077,
          1
        ]
      },
      {
        "date" : 738486762.132963,
        "title" : "Untitled",
        "transform" : [
          -0.55236495,
          -3.5497605e-10,
          -0.8336024,
          0,
          -0.6027017,
          0.69083923,
          0.3993646,
          0,
          0.5758852,
          0.7230085,
          -0.38159537,
          0,
          1.5312518,
          1.8710567,
          -1.0646442,
          1
        ]
      },
      {
        "date" : 738486732.013167,
        "title" : "Untitled",
        "transform" : [
          0.99941874,
          -5.385688e-09,
          0.034092963,
          0,
          0.024253001,
          0.7028092,
          -0.7109649,
          0,
          -0.023960844,
          0.71137846,
          0.7024007,
          0,
          -4.7366407e-06,
          0.009036504,
          -0.049978856,
          1
        ]
      },
      {
        "date" : 738486726.747611,
        "title" : "Untitled",
        "transform" : [
          0.99941874,
          -5.385688e-09,
          0.034092963,
          0,
          0.024253001,
          0.7028092,
          -0.7109649,
          0,
          -0.023960844,
          0.71137846,
          0.7024007,
          0,
          -1.3728476e-06,
          0.009010579,
          -0.04999386,
          1
        ]
      },
      {
        "date" : 738486723.730377,
        "title" : "Untitled",
        "transform" : [
          0.99941874,
          -5.385688e-09,
          0.034092963,
          0,
          0.024253001,
          0.7028092,
          -0.7109649,
          0,
          -0.023960844,
          0.71137846,
          0.7024007,
          0,
          -5.9604645e-07,
          0.009004593,
          -0.04999733,
          1
        ]
      },
      {
        "date" : 738486721.94617,
        "title" : "Untitled",
        "transform" : [
          0.99941874,
          -5.385688e-09,
          0.034092963,
          0,
          0.024253001,
          0.7028092,
          -0.7109649,
          0,
          -0.023960844,
          0.71137846,
          0.7024007,
          0,
          -0.3231679,
          14.848291,
          28.096998,
          1
        ]
      },
      {
        "date" : 738486688.384797,
        "title" : "Untitled",
        "transform" : [
          0.99941874,
          -5.385688e-09,
          0.034092963,
          0,
          0.024253001,
          0.7028092,
          -0.7109649,
          0,
          -0.023960844,
          0.71137846,
          0.7024007,
          0,
          -0.0015645613,
          0.080841854,
          0.08626878,
          1
        ]
      }
    ],
    "2A28FC8D-9931-4583-AE5A-A5F2334D674F" : [
      {
        "date" : 738571373.13218,
        "title" : "Untitled",
        "transform" : [
          0.9579769,
          -1.6438761e-09,
          0.28684565,
          0,
          0.11991914,
          0.90841883,
          -0.4004933,
          0,
          -0.26057598,
          0.41806158,
          0.87024415,
          0,
          -4.7521086,
          6.899282,
          15.1421995,
          1
        ]
      },
      {
        "date" : 738571332.816043,
        "title" : "Untitled",
        "transform" : [
          0.99920034,
          6.724733e-10,
          -0.039983947,
          0,
          -0.011154477,
          0.9602988,
          -0.2787508,
          0,
          0.038396537,
          0.2789739,
          0.95953083,
          0,
          0.4595829,
          4.474034,
          16.710495,
          1
        ]
      },
      {
        "date" : 738571327.199059,
        "title" : "Untitled",
        "transform" : [
          1,
          0,
          0,
          0,
          0,
          0.7071069,
          -0.70710677,
          0,
          0,
          0.70710677,
          0.7071069,
          0,
          -0.20893613,
          11.973606,
          12.492315,
          1
        ]
      },
      {
        "date" : 738571276.56015,
        "title" : "Untitled",
        "transform" : [
          1,
          0,
          0,
          0,
          0,
          0.7071069,
          -0.70710677,
          0,
          0,
          0.70710677,
          0.7071069,
          0,
          0,
          52.137653,
          52.137653,
          1
        ]
      },
      {
        "date" : 738571274.909556,
        "title" : "Untitled",
        "transform" : [
          1,
          0,
          0,
          0,
          0,
          0.7071069,
          -0.70710677,
          0,
          0,
          0.70710677,
          0.7071069,
          0,
          0,
          33.219276,
          33.219276,
          1
        ]
      },
      {
        "date" : 738571089.316383,
        "title" : "Untitled",
        "transform" : [
          0.99850595,
          1.7614563e-07,
          0.054643244,
          0,
          0.03183098,
          0.8128121,
          -0.58165574,
          0,
          -0.04441475,
          0.582526,
          0.81159765,
          0,
          1.2782402,
          25.984545,
          38.35624,
          1
        ]
      },
      {
        "date" : 738571079.797242,
        "title" : "Untitled",
        "transform" : [
          0.99943584,
          1.7653552e-07,
          -0.033586673,
          0,
          -0.015345003,
          0.8895318,
          -0.45661566,
          0,
          0.029876376,
          0.4568734,
          0.8890299,
          0,
          5.361493,
          14.095363,
          43.033215,
          1
        ]
      },
      {
        "date" : 738571037.503231,
        "title" : "Untitled",
        "transform" : [
          0.99943584,
          1.7653552e-07,
          -0.033586673,
          0,
          -0.015345003,
          0.8895318,
          -0.45661566,
          0,
          0.029876376,
          0.4568734,
          0.8890299,
          0,
          -2.6973605,
          14.047507,
          43.32863,
          1
        ]
      },
      {
        "date" : 738571034.839315,
        "title" : "Untitled",
        "transform" : [
          0.99943584,
          1.7653552e-07,
          -0.033586673,
          0,
          -0.015345003,
          0.8895318,
          -0.45661566,
          0,
          0.029876376,
          0.4568734,
          0.8890299,
          0,
          -2.9193819,
          10.652138,
          36.72171,
          1
        ]
      },
      {
        "date" : 738571012.127496,
        "title" : "Untitled",
        "transform" : [
          0.99943584,
          1.7653552e-07,
          -0.033586673,
          0,
          -0.015345003,
          0.8895318,
          -0.45661566,
          0,
          0.029876376,
          0.4568734,
          0.8890299,
          0,
          -9.414667,
          10.949778,
          31.92117,
          1
        ]
      }
    ],
    "4BB5FB36-805A-4FBD-9619-35063AF9B0C1" : [
      {
        "date" : 738305296.975268,
        "title" : "Untitled",
        "transform" : [
          0.99999994,
          0,
          -0,
          0,
          -0,
          0.8660254,
          -0.49999988,
          0,
          0,
          0.49999988,
          0.8660254,
          0,
          0,
          0.24320565,
          0.4212446,
          1
        ]
      }
    ],
    "5A5E891A-E8C8-4BED-B1E9-04710230D226" : [
      {
        "date" : 738752008.157312,
        "title" : "Untitled",
        "transform" : [
          0.9963738,
          -7.359474e-08,
          0.0850846,
          0,
          0.08213362,
          0.2610836,
          -0.9618157,
          0,
          -0.022214133,
          0.96531624,
          0.26013687,
          0,
          1.1476774,
          3.3431528,
          1.3946991,
          1
        ]
      },
      {
        "date" : 738751997.241846,
        "title" : "Untitled",
        "transform" : [
          0.9959292,
          -7.28752e-08,
          0.09013951,
          0,
          0.082027175,
          0.41460508,
          -0.90629697,
          0,
          -0.037372235,
          0.91000146,
          0.41291726,
          0,
          0.7761053,
          3.0315566,
          1.9206004,
          1
        ]
      },
      {
        "date" : 738751988.763272,
        "title" : "Untitled",
        "transform" : [
          0.9959292,
          -7.28752e-08,
          0.09013951,
          0,
          0.082027175,
          0.41460508,
          -0.90629697,
          0,
          -0.037372235,
          0.91000146,
          0.41291726,
          0,
          0.76605296,
          3.0415783,
          1.8976035,
          1
        ]
      },
      {
        "date" : 738736851.44277,
        "title" : "Untitled",
        "transform" : [
          0.99592906,
          -7.2875196e-08,
          0.0901395,
          0,
          0.082027175,
          0.41460508,
          -0.90629697,
          0,
          -0.037372235,
          0.91000146,
          0.41291726,
          0,
          -0.16597265,
          3.1367884,
          1.6034206,
          1
        ]
      },
      {
        "date" : 738736702.536,
        "title" : "Untitled",
        "transform" : [
          0.8836133,
          -7.3580914e-08,
          -0.46821725,
          0,
          -0.3876714,
          0.56076723,
          -0.7316085,
          0,
          0.26256096,
          0.8279736,
          0.4955014,
          0,
          1.2141804,
          2.7520711,
          1.8587283,
          1
        ]
      },
      {
        "date" : 738736465.681714,
        "title" : "Untitled",
        "transform" : [
          0.99505144,
          -7.361853e-08,
          -0.09936066,
          0,
          -0.083645545,
          0.53973013,
          -0.8376721,
          0,
          0.053628005,
          0.8418381,
          0.5370593,
          0,
          0.2621633,
          2.8156898,
          2.0715604,
          1
        ]
      },
      {
        "date" : 738736445.713015,
        "title" : "Untitled",
        "transform" : [
          0.9992518,
          -7.028997e-08,
          0.03867558,
          0,
          0.03865202,
          0.034899674,
          -0.99864304,
          0,
          -0.0013496946,
          0.9993909,
          0.034873508,
          0,
          -0.004958593,
          3.6406016,
          0.12345735,
          1
        ]
      },
      {
        "date" : 738736437.003947,
        "title" : "Untitled",
        "transform" : [
          0.9993607,
          -7.040626e-08,
          0.035752222,
          0,
          0.032411497,
          0.42208096,
          -0.9059785,
          0,
          -0.01509027,
          0.9065581,
          0.42181107,
          0,
          -0.05503365,
          3.3038242,
          1.533285,
          1
        ]
      },
      {
        "date" : 738736415.232593,
        "title" : "Untitled",
        "transform" : [
          0.99887955,
          -7.019648e-08,
          -0.047323495,
          0,
          -0.039372932,
          0.55478126,
          -0.83106405,
          0,
          0.026254253,
          0.83199626,
          0.55415976,
          0,
          0.0084898155,
          0.45252815,
          0.28391057,
          1
        ]
      },
      {
        "date" : 738736396.511112,
        "title" : "Untitled",
        "transform" : [
          0.9988796,
          -7.067657e-08,
          -0.047323503,
          0,
          -0.039372914,
          0.55478126,
          -0.8310641,
          0,
          0.026254237,
          0.83199626,
          0.55415964,
          0,
          0.015926786,
          0.43711796,
          0.30207738,
          1
        ]
      }
    ],
    "7ACCC3AC-997D-41BA-8299-861B174745A3" : [
      {
        "date" : 738564651.776863,
        "title" : "Untitled",
        "transform" : [
          -0.99820995,
          8.290746e-08,
          -0.0598068,
          0,
          -0.04265547,
          0.70093733,
          0.7119462,
          0,
          0.04192087,
          0.7132228,
          -0.6996826,
          0,
          -0.23027337,
          1.7823331,
          -1.9591172,
          1
        ]
      },
      {
        "date" : 738564649.447908,
        "title" : "Untitled",
        "transform" : [
          -0.992336,
          8.411703e-08,
          -0.123568855,
          0,
          -0.12046256,
          0.22280824,
          0.96739095,
          0,
          0.027532237,
          0.9748623,
          -0.22110067,
          0,
          -0.25555494,
          2.5359116,
          -0.75612307,
          1
        ]
      },
      {
        "date" : 738486136.589299,
        "title" : "Untitled",
        "transform" : [
          -0.992336,
          8.411703e-08,
          -0.123568855,
          0,
          -0.12046256,
          0.22280824,
          0.96739095,
          0,
          0.027532237,
          0.9748623,
          -0.22110067,
          0,
          -0.29353863,
          2.6243882,
          -0.37074697,
          1
        ]
      },
      {
        "date" : 738486047.311501,
        "title" : "Untitled",
        "transform" : [
          -0.99764866,
          8.438335e-08,
          -0.06853621,
          0,
          -0.04645601,
          0.735216,
          0.676239,
          0,
          0.05038897,
          0.67783284,
          -0.7334873,
          0,
          -0.119158246,
          1.0912738,
          -0.98117596,
          1
        ]
      },
      {
        "date" : 738486035.190705,
        "title" : "Untitled",
        "transform" : [
          0.18154523,
          8.626748e-08,
          -0.9833827,
          0,
          -0.34576866,
          0.93614596,
          -0.06383329,
          0,
          0.9205897,
          0.35161147,
          0.16995285,
          0,
          1.3218428,
          0.646155,
          0.05476004,
          1
        ]
      },
      {
        "date" : 738486018.510906,
        "title" : "Untitled",
        "transform" : [
          -0.94529295,
          8.2929525e-08,
          -0.32622278,
          0,
          -0.26056716,
          0.6016761,
          0.7550434,
          0,
          0.19628054,
          0.7987401,
          -0.56876016,
          0,
          0.05172679,
          1.1351887,
          -0.9432851,
          1
        ]
      },
      {
        "date" : 738486017.027562,
        "title" : "Untitled",
        "transform" : [
          -0.94529295,
          8.2929525e-08,
          -0.32622278,
          0,
          -0.26056716,
          0.6016761,
          0.7550434,
          0,
          0.19628054,
          0.7987401,
          -0.56876016,
          0,
          0.048636694,
          1.0673739,
          -0.8869344,
          1
        ]
      },
      {
        "date" : 738485943.028722,
        "title" : "Untitled",
        "transform" : [
          -0.94529295,
          8.2929525e-08,
          -0.32622278,
          0,
          -0.2605672,
          0.60167617,
          0.7550435,
          0,
          0.19628054,
          0.7987401,
          -0.56876016,
          0,
          0.0335355,
          1.102244,
          -0.84317636,
          1
        ]
      },
      {
        "date" : 738482504.990388,
        "title" : "Untitled",
        "transform" : [
          -0.28837636,
          8.446501e-08,
          -0.95751715,
          0,
          -0.45954642,
          0.8773039,
          0.1384021,
          0,
          0.8400334,
          0.4799354,
          -0.25299364,
          0,
          1.0695815,
          0.6714921,
          -0.57628685,
          1
        ]
      },
      {
        "date" : 738482476.174844,
        "title" : "Untitled",
        "transform" : [
          -0.28837636,
          8.446501e-08,
          -0.95751715,
          0,
          -0.45954642,
          0.8773039,
          0.1384021,
          0,
          0.8400334,
          0.4799354,
          -0.25299364,
          0,
          1.0666888,
          0.67746663,
          -0.5745579,
          1
        ]
      }
    ],
    "7F1E8F23-F61F-4C51-A793-AB45B7C5325A" : [
      {
        "date" : 738306054.004172,
        "title" : "Untitled",
        "transform" : [
          0.9999395,
          3.8115355e-10,
          -0.010998651,
          0,
          -0.010991952,
          0.034899585,
          -0.99933034,
          0,
          0.0003838482,
          0.99939084,
          0.034897484,
          0,
          -0.0058241347,
          0.34803152,
          0.13845596,
          1
        ]
      },
      {
        "date" : 738306012.03678,
        "title" : "Untitled",
        "transform" : [
          0.9999395,
          3.8115355e-10,
          -0.010998651,
          0,
          -0.010991953,
          0.03489959,
          -0.99933046,
          0,
          0.0003838482,
          0.99939084,
          0.034897484,
          0,
          -0.0006264905,
          0.08647676,
          0.005275201,
          1
        ]
      },
      {
        "date" : 738306010.169258,
        "title" : "Untitled",
        "transform" : [
          0.9998475,
          3.6287445e-10,
          -0.017465383,
          0,
          -0.017454743,
          0.03489959,
          -0.99923855,
          0,
          0.00060953444,
          0.99939084,
          0.034894273,
          0,
          -0.00060696196,
          0.08647675,
          0.0052749235,
          1
        ]
      },
      {
        "date" : 738305951.259386,
        "title" : "Untitled",
        "transform" : [
          0.9998671,
          3.7424525e-10,
          -0.016303997,
          0,
          -0.016283596,
          0.05001388,
          -0.99861586,
          0,
          0.000815426,
          0.99874854,
          0.050007235,
          0,
          -0.0005891463,
          0.08642118,
          0.00658264,
          1
        ]
      },
      {
        "date" : 738305922.18225,
        "title" : "Untitled",
        "transform" : [
          0.9998671,
          4.0001957e-10,
          -0.016304,
          0,
          -0.016283596,
          0.05001387,
          -0.9986158,
          0,
          0.0008154257,
          0.9987486,
          0.05000723,
          0,
          -0.014996905,
          0.28419808,
          0.11674397,
          1
        ]
      },
      {
        "date" : 738305919.230833,
        "title" : "Untitled",
        "transform" : [
          0.9998671,
          4.0001957e-10,
          -0.016304,
          0,
          -0.016283596,
          0.05001387,
          -0.9986158,
          0,
          0.0008154257,
          0.9987486,
          0.05000723,
          0,
          -0.0010964518,
          0.2856271,
          0.08797763,
          1
        ]
      },
      {
        "date" : 738305904.031138,
        "title" : "Untitled",
        "transform" : [
          0.9998671,
          4.0001957e-10,
          -0.016304,
          0,
          -0.016283596,
          0.05001387,
          -0.9986158,
          0,
          0.0008154257,
          0.9987486,
          0.05000723,
          0,
          -0.0009904541,
          0.41545507,
          0.094478115,
          1
        ]
      },
      {
        "date" : 738305898.980437,
        "title" : "Untitled",
        "transform" : [
          0.9998671,
          4.0001957e-10,
          -0.016304,
          0,
          -0.016283596,
          0.05001387,
          -0.9986158,
          0,
          0.0008154257,
          0.9987486,
          0.05000723,
          0,
          -0.0017002262,
          0.41763484,
          0.050954893,
          1
        ]
      },
      {
        "date" : 738305888.279209,
        "title" : "Untitled",
        "transform" : [
          0.9998671,
          4.0001957e-10,
          -0.016304,
          0,
          -0.016283596,
          0.05001387,
          -0.9986158,
          0,
          0.0008154257,
          0.9987486,
          0.05000723,
          0,
          -0.0004369952,
          0.42152697,
          -0.026799126,
          1
        ]
      },
      {
        "date" : 738305886.462762,
        "title" : "Untitled",
        "transform" : [
          0.9998292,
          1.7783142e-10,
          -0.018483369,
          0,
          -0.01816022,
          0.18617478,
          -0.98234886,
          0,
          0.0034411377,
          0.98251677,
          0.18614298,
          0,
          0.0005751094,
          0.4212306,
          0.031109847,
          1
        ]
      }
    ],
    "177E72BB-DE56-4753-9FF0-C0E0F9506817" : [
      {
        "date" : 738306275.845077,
        "title" : "Untitled",
        "transform" : [
          0.99999994,
          0,
          -0,
          0,
          -0,
          0.8660254,
          -0.49999988,
          0,
          0,
          0.49999988,
          0.8660254,
          0,
          0,
          0.24320565,
          0.4212446,
          1
        ]
      }
    ],
    "0504218D-76AC-4F9B-9175-824B82443103" : [
      {
        "date" : 738571444.306394,
        "title" : "Untitled",
        "transform" : [
          0.99999994,
          0,
          0,
          0,
          0,
          0.8660254,
          -0.49999988,
          0,
          0,
          0.49999988,
          0.8660254,
          0,
          0.60188663,
          9.618444,
          7.8117666,
          1
        ]
      },
      {
        "date" : 738571429.872452,
        "title" : "Untitled",
        "transform" : [
          0.99999994,
          0,
          0,
          0,
          0,
          0.8660254,
          -0.49999988,
          0,
          0,
          0.49999988,
          0.8660254,
          0,
          0,
          2.2604506,
          3.9152172,
          1
        ]
      },
      {
        "date" : 738571417.069126,
        "title" : "Untitled",
        "transform" : [
          0.99999994,
          0,
          0,
          0,
          0,
          0.8660254,
          -0.49999988,
          0,
          0,
          0.49999988,
          0.8660254,
          0,
          0,
          0.42001274,
          0.72748345,
          1
        ]
      },
      {
        "date" : 738571106.347629,
        "title" : "Untitled",
        "transform" : [
          0.99999994,
          0,
          -0,
          0,
          -0,
          0.8660254,
          -0.49999988,
          0,
          0,
          0.49999988,
          0.8660254,
          0,
          0,
          0.20672865,
          0.35806456,
          1
        ]
      }
    ],
    "A69C4C4F-6C71-4E43-B341-88E1932B117C" : [
      {
        "date" : 738668756.268515,
        "title" : "Untitled",
        "transform" : [
          0.31622338,
          8.7725894e-08,
          -0.94868475,
          0,
          -0.58066666,
          0.7907994,
          -0.19355248,
          0,
          0.7502193,
          0.6120754,
          0.25006932,
          0,
          2.3251002,
          0.13749656,
          -1.1787584,
          1
        ]
      },
      {
        "date" : 738668260.999377,
        "title" : "Untitled",
        "transform" : [
          0.31622338,
          5.4830803e-08,
          -0.94868475,
          0,
          -0.58066666,
          0.7907995,
          -0.19355246,
          0,
          0.75021935,
          0.61207545,
          0.25006935,
          0,
          2.9563646,
          0.5036933,
          -1.4960482,
          1
        ]
      },
      {
        "date" : 738668258.518492,
        "title" : "Untitled",
        "transform" : [
          0.3162234,
          5.483081e-08,
          -0.9486849,
          0,
          -0.58066666,
          0.7907995,
          -0.19355246,
          0,
          0.75021935,
          0.61207545,
          0.25006935,
          0,
          2.7689214,
          0.8155846,
          -1.6971025,
          1
        ]
      },
      {
        "date" : 738668047.884792,
        "title" : "Untitled",
        "transform" : [
          0.67683923,
          5.99558e-08,
          -0.73613095,
          0,
          -0.721378,
          0.1992003,
          -0.66327447,
          0,
          0.14663738,
          0.97995883,
          0.1348266,
          0,
          1.5280477,
          3.3362129,
          -0.7805252,
          1
        ]
      },
      {
        "date" : 738668030.702036,
        "title" : "Untitled",
        "transform" : [
          0.67683923,
          5.99558e-08,
          -0.73613095,
          0,
          -0.721378,
          0.1992003,
          -0.66327447,
          0,
          0.14663738,
          0.97995883,
          0.1348266,
          0,
          0.83947694,
          3.5262437,
          -1.4128399,
          1
        ]
      },
      {
        "date" : 738668026.733316,
        "title" : "Untitled",
        "transform" : [
          0.67683923,
          5.99558e-08,
          -0.73613095,
          0,
          -0.721378,
          0.1992003,
          -0.66327447,
          0,
          0.14663738,
          0.97995883,
          0.1348266,
          0,
          0.7760355,
          2.2833793,
          -1.5769254,
          1
        ]
      },
      {
        "date" : 738668025.350415,
        "title" : "Untitled",
        "transform" : [
          0.67683923,
          5.99558e-08,
          -0.73613095,
          0,
          -0.721378,
          0.1992003,
          -0.66327447,
          0,
          0.14663738,
          0.97995883,
          0.1348266,
          0,
          0.81048095,
          2.3847303,
          -1.5359534,
          1
        ]
      },
      {
        "date" : 738667910.193058,
        "title" : "Untitled",
        "transform" : [
          0.67683923,
          5.99558e-08,
          -0.73613095,
          0,
          -0.721378,
          0.1992003,
          -0.66327447,
          0,
          0.14663738,
          0.97995883,
          0.1348266,
          0,
          0.2480163,
          3.5762508,
          -1.9736558,
          1
        ]
      },
      {
        "date" : 738667907.52822,
        "title" : "Untitled",
        "transform" : [
          0.60192084,
          6.704861e-08,
          -0.79855573,
          0,
          -0.5591947,
          0.7138903,
          -0.42149955,
          0,
          0.5700811,
          0.70025754,
          0.4297055,
          0,
          1.7537594,
          2.7610404,
          -0.8879142,
          1
        ]
      },
      {
        "date" : 738667819.389703,
        "title" : "Untitled",
        "transform" : [
          0.60192084,
          6.704861e-08,
          -0.79855573,
          0,
          -0.5591947,
          0.7138903,
          -0.42149955,
          0,
          0.5700811,
          0.70025754,
          0.4297055,
          0,
          2.081546,
          2.3425705,
          -0.6408336,
          1
        ]
      }
    ],
    "AF09ED6F-1707-48FD-8720-65B998362C09" : [
      {
        "date" : 738305267.331568,
        "title" : "Untitled",
        "transform" : [
          1,
          0,
          -0,
          0,
          -0,
          0.8660258,
          -0.49999928,
          0,
          0,
          0.49999928,
          0.8660258,
          0,
          0,
          4.213092,
          5.17995,
          1
        ]
      }
    ],
    "B902F4F2-06C2-4339-B6BD-82FB51A5EDA1" : [
      {
        "date" : 738735595.571701,
        "title" : "Untitled",
        "transform" : [
          0.52535,
          5.746301e-09,
          -0.8508862,
          0,
          -0.2568325,
          0.95335823,
          -0.15857224,
          0,
          0.81119937,
          0.30184117,
          0.5008467,
          0,
          -0.23902273,
          1.3269855,
          -0.37370813,
          1
        ]
      },
      {
        "date" : 738735593.222372,
        "title" : "Untitled",
        "transform" : [
          0.52535,
          5.746301e-09,
          -0.8508862,
          0,
          -0.2568325,
          0.95335823,
          -0.15857224,
          0,
          0.81119937,
          0.30184117,
          0.5008467,
          0,
          -0.26945513,
          1.1409389,
          -0.21229544,
          1
        ]
      },
      {
        "date" : 738734438.289105,
        "title" : "Untitled",
        "transform" : [
          0.52535,
          5.746301e-09,
          -0.8508862,
          0,
          -0.2568325,
          0.95335823,
          -0.15857224,
          0,
          0.81119937,
          0.30184117,
          0.5008467,
          0,
          -0.07546973,
          1.2131195,
          -0.09252596,
          1
        ]
      },
      {
        "date" : 738734432.522355,
        "title" : "Untitled",
        "transform" : [
          0.12089104,
          1.8008601e-09,
          -0.99266577,
          0,
          0.033334307,
          0.999436,
          0.004059595,
          0,
          0.99210596,
          -0.033580597,
          0.120822854,
          0,
          0.10602522,
          1.217384,
          -0.7445123,
          1
        ]
      },
      {
        "date" : 738668490.13205,
        "title" : "Untitled",
        "transform" : [
          0.120891,
          3.4445709e-09,
          -0.9926658,
          0,
          0.033334307,
          0.999436,
          0.0040596165,
          0,
          0.9921059,
          -0.03358064,
          0.1208228,
          0,
          4.766334,
          2.2023082,
          0.628719,
          1
        ]
      },
      {
        "date" : 738668481.331425,
        "title" : "Untitled",
        "transform" : [
          -0.39084843,
          -4.383834e-09,
          -0.9204551,
          0,
          -0.6764429,
          0.678175,
          0.28723472,
          0,
          0.62422955,
          0.7349004,
          -0.26506358,
          0,
          2.8989577,
          5.5902796,
          -1.037876,
          1
        ]
      },
      {
        "date" : 738668476.564443,
        "title" : "Untitled",
        "transform" : [
          0.448031,
          -4.5285873e-09,
          -0.89401805,
          0,
          -0.64995205,
          0.6866363,
          -0.325719,
          0,
          0.61386526,
          0.72700095,
          0.30763438,
          0,
          3.9140828,
          5.5472727,
          2.11381,
          1
        ]
      },
      {
        "date" : 738668463.347917,
        "title" : "Untitled",
        "transform" : [
          -0.5733385,
          -4.6401487e-09,
          -0.8193186,
          0,
          -0.4645355,
          0.82373303,
          0.3250703,
          0,
          0.6748998,
          0.5669778,
          -0.4722779,
          0,
          4.592519,
          4.4924026,
          -3.0475497,
          1
        ]
      },
      {
        "date" : 738668457.294257,
        "title" : "Untitled",
        "transform" : [
          -0.5451553,
          -4.684038e-09,
          -0.8383351,
          0,
          -0.37319386,
          0.8954507,
          0.24268177,
          0,
          0.7506878,
          0.4451606,
          -0.48815975,
          0,
          5.0131836,
          3.810631,
          -3.1340766,
          1
        ]
      },
      {
        "date" : 738668451.847214,
        "title" : "Untitled",
        "transform" : [
          -0.6871204,
          -6.348772e-09,
          -0.7265437,
          0,
          -0.4384047,
          0.7974301,
          0.41461626,
          0,
          0.5793678,
          0.60341126,
          -0.5479305,
          0,
          4.2150354,
          4.69497,
          -3.5934718,
          1
        ]
      }
    ],
    "C55EF757-EB34-4151-99FC-94CD5E49D6A6" : [
      {
        "date" : 738735184.305225,
        "title" : "Untitled",
        "transform" : [
          0.99999994,
          0,
          -0,
          0,
          -0,
          0.8660255,
          -0.49999988,
          0,
          0,
          0.49999988,
          0.8660255,
          0,
          -1.3709068e-05,
          0.73355025,
          1.2653292,
          1
        ]
      }
    ],
    "D6C5686E-A31A-4762-A469-06BDA7F2AC04" : [
      {
        "date" : 738305326.525476,
        "title" : "Untitled",
        "transform" : [
          0.99999994,
          0,
          -0,
          0,
          -0,
          0.8660254,
          -0.49999988,
          0,
          0,
          0.49999988,
          0.8660254,
          0,
          0,
          0.24320565,
          0.4212446,
          1
        ]
      }
    ]
  },
  "selectedSceneRelativePath" : "SteeringWheel.usda"
}